P1
     1  0  0  0    0  1  0  0    0  0  1  0      1    0    0  1
     1  0  0  0    0  1  0  0    0  0  1  0      0    1    0  1
     1  0  0  0    0  1  0  0    0  0  1  0      0    0    1  1

P-1
    -1  0  0  0    0 -1  0  0    0  0 -1  0      0    0    0  1
     1  0  0  0    0  1  0  0    0  0  1  0      1    0    0  1
     1  0  0  0    0  1  0  0    0  0  1  0      0    1    0  1
     1  0  0  0    0  1  0  0    0  0  1  0      0    0    1  1

P121
    -1  0  0  0    0  1  0  0    0  0 -1  0      0    0    0  1
     1  0  0  0    0  1  0  0    0  0  1  0      1    0    0  1
     1  0  0  0    0  1  0  0    0  0  1  0      0    1    0  1
     1  0  0  0    0  1  0  0    0  0  1  0      0    0    1  1

P1211
    -1  0  0  0    0  1  0  0    0  0 -1  0      0  1/2    0  1
     1  0  0  0    0  1  0  0    0  0  1  0      1    0    0  1
     1  0  0  0    0  1  0  0    0  0  1  0      0    0    1  1

C121
    -1  0  0  0    0  1  0  0    0  0 -1  0      0    0    0  1
     1  0  0  0    0  1  0  0    0  0  1  0    1/2  1/2    0  1
     1  0  0  0    0  1  0  0    0  0  1  0      0    0    1  1

P1m1
     1  0  0  0    0 -1  0  0    0  0  1  0      0    0    0  1
     1  0  0  0    0  1  0  0    0  0  1  0      1    0    0  1
     1  0  0  0    0  1  0  0    0  0  1  0      0    1    0  1
     1  0  0  0    0  1  0  0    0  0  1  0      0    0    1  1

P1c1
     1  0  0  0    0 -1  0  0    0  0  1  0      0    0  1/2  1
     1  0  0  0    0  1  0  0    0  0  1  0      1    0    0  1
     1  0  0  0    0  1  0  0    0  0  1  0      0    1    0  1

C1m1
     1  0  0  0    0 -1  0  0    0  0  1  0      0    0    0  1
     1  0  0  0    0  1  0  0    0  0  1  0    1/2  1/2    0  1
     1  0  0  0    0  1  0  0    0  0  1  0      0    0    1  1

C1c1
     1  0  0  0    0 -1  0  0    0  0  1  0      0    0  1/2  1
     1  0  0  0    0  1  0  0    0  0  1  0    1/2  1/2    0  1

P12/m1
     1  0  0  0    0 -1  0  0    0  0  1  0      0    0    0  1
    -1  0  0  0    0  1  0  0    0  0 -1  0      0    0    0  1
     1  0  0  0    0  1  0  0    0  0  1  0      1    0    0  1
     1  0  0  0    0  1  0  0    0  0  1  0      0    1    0  1
     1  0  0  0    0  1  0  0    0  0  1  0      0    0    1  1

P121/m1
     1  0  0  0    0 -1  0  0    0  0  1  0      0  1/2    0  1
    -1  0  0  0    0  1  0  0    0  0 -1  0      0  1/2    0  1
     1  0  0  0    0  1  0  0    0  0  1  0      1    0    0  1
     1  0  0  0    0  1  0  0    0  0  1  0      0    0    1  1

C12/m1
     1  0  0  0    0 -1  0  0    0  0  1  0      0    0    0  1
    -1  0  0  0    0  1  0  0    0  0 -1  0      0    0    0  1
     1  0  0  0    0  1  0  0    0  0  1  0    1/2  1/2    0  1
     1  0  0  0    0  1  0  0    0  0  1  0      0    0    1  1

P12/c1
     1  0  0  0    0 -1  0  0    0  0  1  0      0    0  1/2  1
    -1  0  0  0    0  1  0  0    0  0 -1  0      0    0  1/2  1
     1  0  0  0    0  1  0  0    0  0  1  0      1    0    0  1
     1  0  0  0    0  1  0  0    0  0  1  0      0    1    0  1

P121/c1
     1  0  0  0    0 -1  0  0    0  0  1  0      0  1/2  1/2  1
    -1  0  0  0    0  1  0  0    0  0 -1  0      0  1/2  1/2  1
     1  0  0  0    0  1  0  0    0  0  1  0      1    0    0  1

C12/c1
     1  0  0  0    0 -1  0  0    0  0  1  0      0    0  1/2  1
    -1  0  0  0    0  1  0  0    0  0 -1  0      0    0  1/2  1
     1  0  0  0    0  1  0  0    0  0  1  0    1/2  1/2    0  1

P222
     1  0  0  0    0 -1  0  0    0  0 -1  0      0    0    0  1
    -1  0  0  0    0  1  0  0    0  0 -1  0      0    0    0  1
     1  0  0  0    0  1  0  0    0  0  1  0      1    0    0  1
     1  0  0  0    0  1  0  0    0  0  1  0      0    1    0  1
     1  0  0  0    0  1  0  0    0  0  1  0      0    0    1  1

P2221
     1  0  0  0    0 -1  0  0    0  0 -1  0      0    0    0  1
    -1  0  0  0    0  1  0  0    0  0 -1  0      0    0  1/2  1
     1  0  0  0    0  1  0  0    0  0  1  0      1    0    0  1
     1  0  0  0    0  1  0  0    0  0  1  0      0    1    0  1
     1  0  0  0    0  1  0  0    0  0  1  0      0    0    1  1

P21212
     1  0  0  0    0 -1  0  0    0  0 -1  0    1/2  1/2    0  1
    -1  0  0  0    0  1  0  0    0  0 -1  0    1/2  1/2    0  1
     1  0  0  0    0  1  0  0    0  0  1  0      0    0    1  1

P212121
    -1  0  0  0    0 -1  0  0    0  0  1  0    1/2    0  1/2  1
     1  0  0  0    0 -1  0  0    0  0 -1  0    1/2  1/2    0  1
     1  0  0  0    0  1  0  0    0  0  1  0      0    1    0  1

C2221
     1  0  0  0    0 -1  0  0    0  0 -1  0      0    0    0  1
    -1  0  0  0    0  1  0  0    0  0 -1  0      0    0  1/2  1
     1  0  0  0    0  1  0  0    0  0  1  0    1/2  1/2    0  1
     1  0  0  0    0  1  0  0    0  0  1  0      0    0    1  1

C222
     1  0  0  0    0 -1  0  0    0  0 -1  0      0    0    0  1
    -1  0  0  0    0  1  0  0    0  0 -1  0      0    0    0  1
     1  0  0  0    0  1  0  0    0  0  1  0    1/2  1/2    0  1
     1  0  0  0    0  1  0  0    0  0  1  0      0    0    1  1

F222
     1  0  0  0    0 -1  0  0    0  0 -1  0      0    0    0  1
    -1  0  0  0    0  1  0  0    0  0 -1  0      0    0    0  1
     1  0  0  0    0  1  0  0    0  0  1  0    1/2    0  1/2  1
     1  0  0  0    0  1  0  0    0  0  1  0      0  1/2  1/2  1

I222
     1  0  0  0    0 -1  0  0    0  0 -1  0      0    0    0  1
    -1  0  0  0    0  1  0  0    0  0 -1  0      0    0    0  1
     1  0  0  0    0  1  0  0    0  0  1  0    1/2  1/2  1/2  1

I212121
     1  0  0  0    0 -1  0  0    0  0 -1  0      0    0  1/2  1
    -1  0  0  0    0 -1  0  0    0  0  1  0      0  1/2    0  1
     1  0  0  0    0  1  0  0    0  0  1  0    1/2  1/2  1/2  1

Pmm2
    -1  0  0  0    0  1  0  0    0  0  1  0      0    0    0  1
     1  0  0  0    0 -1  0  0    0  0  1  0      0    0    0  1
     1  0  0  0    0  1  0  0    0  0  1  0      1    0    0  1
     1  0  0  0    0  1  0  0    0  0  1  0      0    1    0  1
     1  0  0  0    0  1  0  0    0  0  1  0      0    0    1  1

Pmc21
    -1  0  0  0    0  1  0  0    0  0  1  0      0    0    0  1
     1  0  0  0    0 -1  0  0    0  0  1  0      0    0  1/2  1
     1  0  0  0    0  1  0  0    0  0  1  0      1    0    0  1
     1  0  0  0    0  1  0  0    0  0  1  0      0    1    0  1

Pcc2
    -1  0  0  0    0  1  0  0    0  0  1  0      0    0  1/2  1
     1  0  0  0    0 -1  0  0    0  0  1  0      0    0  1/2  1
     1  0  0  0    0  1  0  0    0  0  1  0      1    0    0  1
     1  0  0  0    0  1  0  0    0  0  1  0      0    1    0  1

Pma2
     1  0  0  0    0 -1  0  0    0  0  1  0    1/2    0    0  1
    -1  0  0  0    0  1  0  0    0  0  1  0    1/2    0    0  1
     1  0  0  0    0  1  0  0    0  0  1  0      0    1    0  1
     1  0  0  0    0  1  0  0    0  0  1  0      0    0    1  1

Pca21
     1  0  0  0    0 -1  0  0    0  0  1  0    1/2    0    0  1
    -1  0  0  0    0  1  0  0    0  0  1  0    1/2    0  1/2  1
     1  0  0  0    0  1  0  0    0  0  1  0      0    1    0  1

Pnc2
     1  0  0  0    0 -1  0  0    0  0  1  0      0  1/2  1/2  1
    -1  0  0  0    0  1  0  0    0  0  1  0      0  1/2  1/2  1
     1  0  0  0    0  1  0  0    0  0  1  0      1    0    0  1

Pmn21
    -1  0  0  0    0  1  0  0    0  0  1  0      0    0    0  1
     1  0  0  0    0 -1  0  0    0  0  1  0    1/2    0  1/2  1
     1  0  0  0    0  1  0  0    0  0  1  0      0    1    0  1
     1  0  0  0    0  1  0  0    0  0  1  0      0    0    1  1

Pba2
     1  0  0  0    0 -1  0  0    0  0  1  0    1/2  1/2    0  1
    -1  0  0  0    0  1  0  0    0  0  1  0    1/2  1/2    0  1
     1  0  0  0    0  1  0  0    0  0  1  0      0    0    1  1

Pna21
    -1  0  0  0    0  1  0  0    0  0  1  0    1/2  1/2  1/2  1
     1  0  0  0    0 -1  0  0    0  0  1  0    1/2  1/2    0  1
     1  0  0  0    0  1  0  0    0  0  1  0      0    1    0  1

Pnn2
     1  0  0  0    0 -1  0  0    0  0  1  0    1/2  1/2  1/2  1
    -1  0  0  0    0  1  0  0    0  0  1  0    1/2  1/2  1/2  1
     1  0  0  0    0  1  0  0    0  0  1  0      1    0    0  1

Cmm2
    -1  0  0  0    0  1  0  0    0  0  1  0      0    0    0  1
     1  0  0  0    0 -1  0  0    0  0  1  0      0    0    0  1
     1  0  0  0    0  1  0  0    0  0  1  0    1/2  1/2    0  1
     1  0  0  0    0  1  0  0    0  0  1  0      0    0    1  1

Cmc21
    -1  0  0  0    0  1  0  0    0  0  1  0      0    0    0  1
     1  0  0  0    0 -1  0  0    0  0  1  0      0    0  1/2  1
     1  0  0  0    0  1  0  0    0  0  1  0    1/2  1/2    0  1

Ccc2
    -1  0  0  0    0  1  0  0    0  0  1  0      0    0  1/2  1
     1  0  0  0    0 -1  0  0    0  0  1  0      0    0  1/2  1
     1  0  0  0    0  1  0  0    0  0  1  0    1/2  1/2    0  1

Amm2
    -1  0  0  0    0  1  0  0    0  0  1  0      0    0    0  1
     1  0  0  0    0 -1  0  0    0  0  1  0      0    0    0  1
     1  0  0  0    0  1  0  0    0  0  1  0      1    0    0  1
     1  0  0  0    0  1  0  0    0  0  1  0      0  1/2  1/2  1

Abm2
    -1  0  0  0    0  1  0  0    0  0  1  0      0    0  1/2  1
     1  0  0  0    0 -1  0  0    0  0  1  0      0    0  1/2  1
     1  0  0  0    0  1  0  0    0  0  1  0      1    0    0  1
     1  0  0  0    0  1  0  0    0  0  1  0      0  1/2  1/2  1

Ama2
     1  0  0  0    0 -1  0  0    0  0  1  0    1/2    0    0  1
    -1  0  0  0    0  1  0  0    0  0  1  0    1/2    0    0  1
     1  0  0  0    0  1  0  0    0  0  1  0      0  1/2  1/2  1

Aba2
    -1  0  0  0    0  1  0  0    0  0  1  0    1/2    0  1/2  1
     1  0  0  0    0 -1  0  0    0  0  1  0    1/2    0  1/2  1
     1  0  0  0    0  1  0  0    0  0  1  0      0  1/2  1/2  1

Fmm2
    -1  0  0  0    0  1  0  0    0  0  1  0      0    0    0  1
     1  0  0  0    0 -1  0  0    0  0  1  0      0    0    0  1
     1  0  0  0    0  1  0  0    0  0  1  0    1/2    0  1/2  1
     1  0  0  0    0  1  0  0    0  0  1  0      0  1/2  1/2  1

Fdd2
     1  0  0  0    0 -1  0  0    0  0  1  0    1/4  1/4  1/4  1
    -1  0  0  0    0  1  0  0    0  0  1  0    1/4  1/4  1/4  1

Imm2
    -1  0  0  0    0  1  0  0    0  0  1  0      0    0    0  1
     1  0  0  0    0 -1  0  0    0  0  1  0      0    0    0  1
     1  0  0  0    0  1  0  0    0  0  1  0    1/2  1/2  1/2  1

Iba2
    -1  0  0  0    0  1  0  0    0  0  1  0      0    0  1/2  1
     1  0  0  0    0 -1  0  0    0  0  1  0      0    0  1/2  1
     1  0  0  0    0  1  0  0    0  0  1  0    1/2  1/2  1/2  1

Ima2
     1  0  0  0    0 -1  0  0    0  0  1  0      0  1/2  1/2  1
    -1  0  0  0    0  1  0  0    0  0  1  0      0  1/2  1/2  1
     1  0  0  0    0  1  0  0    0  0  1  0    1/2  1/2  1/2  1

Pmmm
    -1  0  0  0    0  1  0  0    0  0  1  0      0    0    0  1
     1  0  0  0    0 -1  0  0    0  0  1  0      0    0    0  1
     1  0  0  0    0  1  0  0    0  0 -1  0      0    0    0  1
     1  0  0  0    0  1  0  0    0  0  1  0      1    0    0  1
     1  0  0  0    0  1  0  0    0  0  1  0      0    1    0  1
     1  0  0  0    0  1  0  0    0  0  1  0      0    0    1  1

Pnnn
    -1  0  0  0    0  1  0  0    0  0  1  0      0  1/2  1/2  1
     1  0  0  0    0 -1  0  0    0  0  1  0    1/2    0  1/2  1
     1  0  0  0    0  1  0  0    0  0 -1  0    1/2  1/2    0  1
     1  0  0  0    0  1  0  0    0  0  1  0      1    0    0  1

Pccm
     1  0  0  0    0  1  0  0    0  0 -1  0      0    0    0  1
    -1  0  0  0    0  1  0  0    0  0  1  0      0    0  1/2  1
     1  0  0  0    0 -1  0  0    0  0  1  0      0    0  1/2  1
     1  0  0  0    0  1  0  0    0  0  1  0      1    0    0  1
     1  0  0  0    0  1  0  0    0  0  1  0      0    1    0  1

Pban
     1  0  0  0    0 -1  0  0    0  0  1  0    1/2    0    0  1
     1  0  0  0    0  1  0  0    0  0 -1  0    1/2  1/2    0  1
    -1  0  0  0    0  1  0  0    0  0  1  0      0  1/2    0  1
     1  0  0  0    0  1  0  0    0  0  1  0      0    0    1  1

Pmma
     1  0  0  0    0  1  0  0    0  0 -1  0    1/2    0    0  1
     1  0  0  0    0 -1  0  0    0  0  1  0      0    0    0  1
    -1  0  0  0    0  1  0  0    0  0  1  0    1/2    0    0  1
     1  0  0  0    0  1  0  0    0  0  1  0      0    1    0  1
     1  0  0  0    0  1  0  0    0  0  1  0      0    0    1  1

Pnna
     1  0  0  0    0 -1  0  0    0  0  1  0    1/2  1/2  1/2  1
     1  0  0  0    0  1  0  0    0  0 -1  0    1/2    0    0  1
    -1  0  0  0    0  1  0  0    0  0  1  0      0  1/2  1/2  1

Pmna
    -1  0  0  0    0  1  0  0    0  0  1  0      0    0    0  1
     1  0  0  0    0 -1  0  0    0  0  1  0    1/2    0  1/2  1
     1  0  0  0    0  1  0  0    0  0 -1  0    1/2    0  1/2  1
     1  0  0  0    0  1  0  0    0  0  1  0      0    1    0  1

Pcca
     1  0  0  0    0  1  0  0    0  0 -1  0    1/2    0    0  1
    -1  0  0  0    0  1  0  0    0  0  1  0    1/2    0  1/2  1
     1  0  0  0    0 -1  0  0    0  0  1  0      0    0  1/2  1
     1  0  0  0    0  1  0  0    0  0  1  0      0    1    0  1

Pbam
     1  0  0  0    0  1  0  0    0  0 -1  0      0    0    0  1
     1  0  0  0    0 -1  0  0    0  0  1  0    1/2  1/2    0  1
    -1  0  0  0    0  1  0  0    0  0  1  0    1/2  1/2    0  1
     1  0  0  0    0  1  0  0    0  0  1  0      0    0    1  1

Pccn
     1  0  0  0    0 -1  0  0    0  0  1  0      0  1/2  1/2  1
    -1  0  0  0    0  1  0  0    0  0  1  0    1/2    0  1/2  1
     1  0  0  0    0  1  0  0    0  0 -1  0    1/2  1/2    0  1
     1  0  0  0    0  1  0  0    0  0  1  0      1    0    0  1

Pbcm
     1  0  0  0    0 -1  0  0    0  0  1  0      0  1/2  1/2  1
     1  0  0  0    0  1  0  0    0  0 -1  0      0    0  1/2  1
    -1  0  0  0    0  1  0  0    0  0  1  0      0  1/2    0  1
     1  0  0  0    0  1  0  0    0  0  1  0      1    0    0  1

Pnnm
     1  0  0  0    0 -1  0  0    0  0  1  0    1/2  1/2  1/2  1
     1  0  0  0    0  1  0  0    0  0 -1  0      0    0    0  1
    -1  0  0  0    0  1  0  0    0  0  1  0    1/2  1/2  1/2  1
     1  0  0  0    0  1  0  0    0  0  1  0      1    0    0  1

Pmmn
     1  0  0  0    0  1  0  0    0  0 -1  0    1/2  1/2    0  1
     1  0  0  0    0 -1  0  0    0  0  1  0      0  1/2    0  1
    -1  0  0  0    0  1  0  0    0  0  1  0    1/2    0    0  1
     1  0  0  0    0  1  0  0    0  0  1  0      0    0    1  1
     1  0  0  0    0  1  0  0    0  0  1  0      1    0    0  1

Pbcn
     1  0  0  0    0  1  0  0    0  0 -1  0    1/2  1/2  1/2  1
     1  0  0  0    0 -1  0  0    0  0  1  0      0    0  1/2  1
    -1  0  0  0    0  1  0  0    0  0  1  0    1/2  1/2    0  1

Pbca
     1  0  0  0    0 -1  0  0    0  0  1  0      0  1/2  1/2  1
     1  0  0  0    0  1  0  0    0  0 -1  0    1/2    0  1/2  1
    -1  0  0  0    0  1  0  0    0  0  1  0    1/2  1/2    0  1

Pnma
     1  0  0  0    0  1  0  0    0  0 -1  0    1/2    0  1/2  1
    -1  0  0  0    0  1  0  0    0  0  1  0    1/2  1/2  1/2  1
     1  0  0  0    0 -1  0  0    0  0  1  0      0  1/2    0  1
     1  0  0  0    0  1  0  0    0  0  1  0      0    1    0  1

Cmcm
     1  0  0  0    0  1  0  0    0  0 -1  0      0    0  1/2  1
    -1  0  0  0    0  1  0  0    0  0  1  0      0    0    0  1
     1  0  0  0    0 -1  0  0    0  0  1  0      0    0  1/2  1
     1  0  0  0    0  1  0  0    0  0  1  0    1/2  1/2    0  1

Cmca
     1  0  0  0    0  1  0  0    0  0 -1  0      0  1/2  1/2  1
     1  0  0  0    0 -1  0  0    0  0  1  0      0  1/2  1/2  1
    -1  0  0  0    0  1  0  0    0  0  1  0      0    0    0  1
     1  0  0  0    0  1  0  0    0  0  1  0    1/2  1/2    0  1

Cmmm
    -1  0  0  0    0  1  0  0    0  0  1  0      0    0    0  1
     1  0  0  0    0  1  0  0    0  0 -1  0      0    0    0  1
     1  0  0  0    0 -1  0  0    0  0  1  0      0    0    0  1
     1  0  0  0    0  1  0  0    0  0  1  0    1/2  1/2    0  1
     1  0  0  0    0  1  0  0    0  0  1  0      0    0    1  1

Cccm
     1  0  0  0    0  1  0  0    0  0 -1  0      0    0    0  1
    -1  0  0  0    0  1  0  0    0  0  1  0      0    0  1/2  1
     1  0  0  0    0 -1  0  0    0  0  1  0      0    0  1/2  1
     1  0  0  0    0  1  0  0    0  0  1  0    1/2  1/2    0  1

Cmma
    -1  0  0  0    0  1  0  0    0  0  1  0      0    0    0  1
     1  0  0  0    0  1  0  0    0  0 -1  0      0  1/2    0  1
     1  0  0  0    0 -1  0  0    0  0  1  0      0  1/2    0  1
     1  0  0  0    0  1  0  0    0  0  1  0    1/2  1/2    0  1
     1  0  0  0    0  1  0  0    0  0  1  0      0    0    1  1

Ccca
    -1  0  0  0    0  1  0  0    0  0  1  0      0  1/2  1/2  1
     1  0  0  0    0  1  0  0    0  0 -1  0      0  1/2    0  1
     1  0  0  0    0 -1  0  0    0  0  1  0      0    0  1/2  1
     1  0  0  0    0  1  0  0    0  0  1  0    1/2  1/2    0  1

Fmmm
    -1  0  0  0    0  1  0  0    0  0  1  0      0    0    0  1
     1  0  0  0    0  1  0  0    0  0 -1  0      0    0    0  1
     1  0  0  0    0 -1  0  0    0  0  1  0      0    0    0  1
     1  0  0  0    0  1  0  0    0  0  1  0    1/2    0  1/2  1
     1  0  0  0    0  1  0  0    0  0  1  0      0  1/2  1/2  1

Fddd
     1  0  0  0    0 -1  0  0    0  0  1  0    1/4    0  1/4  1
     1  0  0  0    0  1  0  0    0  0 -1  0    1/4  1/4    0  1
    -1  0  0  0    0  1  0  0    0  0  1  0      0  1/4  1/4  1

Immm
    -1  0  0  0    0  1  0  0    0  0  1  0      0    0    0  1
     1  0  0  0    0  1  0  0    0  0 -1  0      0    0    0  1
     1  0  0  0    0 -1  0  0    0  0  1  0      0    0    0  1
     1  0  0  0    0  1  0  0    0  0  1  0    1/2  1/2  1/2  1

Ibam
     1  0  0  0    0  1  0  0    0  0 -1  0      0    0    0  1
    -1  0  0  0    0  1  0  0    0  0  1  0      0    0  1/2  1
     1  0  0  0    0 -1  0  0    0  0  1  0      0    0  1/2  1
     1  0  0  0    0  1  0  0    0  0  1  0    1/2  1/2  1/2  1

Ibca
     1  0  0  0    0 -1  0  0    0  0  1  0      0  1/2  1/2  1
     1  0  0  0    0  1  0  0    0  0 -1  0      0  1/2    0  1
    -1  0  0  0    0  1  0  0    0  0  1  0      0    0  1/2  1
     1  0  0  0    0  1  0  0    0  0  1  0    1/2  1/2  1/2  1

Imma
    -1  0  0  0    0  1  0  0    0  0  1  0      0    0    0  1
     1  0  0  0    0  1  0  0    0  0 -1  0      0  1/2    0  1
     1  0  0  0    0 -1  0  0    0  0  1  0      0  1/2    0  1
     1  0  0  0    0  1  0  0    0  0  1  0    1/2  1/2  1/2  1

P4
     0  1  0  0   -1  0  0  0    0  0  1  0      0    0    0  1
     1  0  0  0    0  1  0  0    0  0  1  0      1    0    0  1
     1  0  0  0    0  1  0  0    0  0  1  0      0    0    1  1

P41
     0  1  0  0   -1  0  0  0    0  0  1  0      0    0  1/4  1
     1  0  0  0    0  1  0  0    0  0  1  0      1    0    0  1

P42
     0  1  0  0   -1  0  0  0    0  0  1  0      0    0  1/2  1
     1  0  0  0    0  1  0  0    0  0  1  0      1    0    0  1

P43
     0  1  0  0   -1  0  0  0    0  0  1  0      0    0  3/4  1
     1  0  0  0    0  1  0  0    0  0  1  0      1    0    0  1

I4
     0  1  0  0   -1  0  0  0    0  0  1  0      0    0    0  1
     1  0  0  0    0  1  0  0    0  0  1  0    1/2  1/2  1/2  1

I41
     0  1  0  0   -1  0  0  0    0  0  1  0      0  1/2  1/4  1
     0 -1  0  0    1  0  0  0    0  0  1  0      0  1/2  1/4  1

P-4
     0 -1  0  0    1  0  0  0    0  0 -1  0      0    0    0  1
     1  0  0  0    0  1  0  0    0  0  1  0      1    0    0  1
     1  0  0  0    0  1  0  0    0  0  1  0      0    0    1  1

I-4
     0 -1  0  0    1  0  0  0    0  0 -1  0      0    0    0  1
     1  0  0  0    0  1  0  0    0  0  1  0    1/2  1/2  1/2  1

P4/m
     0 -1  0  0    1  0  0  0    0  0 -1  0      0    0    0  1
     0  1  0  0   -1  0  0  0    0  0  1  0      0    0    0  1
     1  0  0  0    0  1  0  0    0  0  1  0      1    0    0  1
     1  0  0  0    0  1  0  0    0  0  1  0      0    0    1  1

P42/m
     0 -1  0  0    1  0  0  0    0  0 -1  0      0    0  1/2  1
     0  1  0  0   -1  0  0  0    0  0  1  0      0    0  1/2  1
     1  0  0  0    0  1  0  0    0  0  1  0      1    0    0  1

P4/n
     0 -1  0  0    1  0  0  0    0  0 -1  0    1/2    0    0  1
     0  1  0  0   -1  0  0  0    0  0  1  0    1/2    0    0  1
     1  0  0  0    0  1  0  0    0  0  1  0      0    0    1  1

P42/n
     0 -1  0  0    1  0  0  0    0  0 -1  0      0  1/2  1/2  1
     0  1  0  0   -1  0  0  0    0  0  1  0      0  1/2  1/2  1
     1  0  0  0    0  1  0  0    0  0  1  0      1    0    0  1

I4/m
     0 -1  0  0    1  0  0  0    0  0 -1  0      0    0    0  1
     0  1  0  0   -1  0  0  0    0  0  1  0      0    0    0  1
     1  0  0  0    0  1  0  0    0  0  1  0    1/2  1/2  1/2  1

I41/a
     0  1  0  0   -1  0  0  0    0  0 -1  0    1/4  1/4  1/4  1
     0  1  0  0   -1  0  0  0    0  0  1  0    1/4  3/4  3/4  1

P422
     0  1  0  0   -1  0  0  0    0  0  1  0      0    0    0  1
     1  0  0  0    0 -1  0  0    0  0 -1  0      0    0    0  1
     1  0  0  0    0  1  0  0    0  0  1  0      1    0    0  1
     1  0  0  0    0  1  0  0    0  0  1  0      0    0    1  1

P4212
     0  1  0  0   -1  0  0  0    0  0  1  0    1/2  1/2    0  1
     0 -1  0  0   -1  0  0  0    0  0 -1  0      0    0    0  1
     1  0  0  0    0  1  0  0    0  0  1  0      0    0    1  1

P4122
     0  1  0  0   -1  0  0  0    0  0  1  0      0    0  1/4  1
     1  0  0  0    0 -1  0  0    0  0 -1  0      0    0  1/2  1
     1  0  0  0    0  1  0  0    0  0  1  0      1    0    0  1

P41212
     0  1  0  0   -1  0  0  0    0  0  1  0    1/2  1/2  1/4  1
     0  1  0  0    1  0  0  0    0  0 -1  0      0    0    0  1
     1  0  0  0    0  1  0  0    0  0  1  0      1    0    0  1

P4222
     0  1  0  0   -1  0  0  0    0  0  1  0      0    0  1/2  1
     1  0  0  0    0 -1  0  0    0  0 -1  0      0    0    0  1
     1  0  0  0    0  1  0  0    0  0  1  0      1    0    0  1

P42212
     0  1  0  0   -1  0  0  0    0  0  1  0    1/2  1/2  1/2  1
     0 -1  0  0   -1  0  0  0    0  0 -1  0      0    0    0  1
     1  0  0  0    0  1  0  0    0  0  1  0      1    0    0  1

P4322
     0  1  0  0   -1  0  0  0    0  0  1  0      0    0  3/4  1
     1  0  0  0    0 -1  0  0    0  0 -1  0      0    0  1/2  1
     1  0  0  0    0  1  0  0    0  0  1  0      1    0    0  1

P43212
     0  1  0  0   -1  0  0  0    0  0  1  0    1/2  1/2  3/4  1
    -1  0  0  0    0  1  0  0    0  0 -1  0    1/2  1/2  3/4  1

I422
     0  1  0  0   -1  0  0  0    0  0  1  0      0    0    0  1
     1  0  0  0    0 -1  0  0    0  0 -1  0      0    0    0  1
     1  0  0  0    0  1  0  0    0  0  1  0    1/2  1/2  1/2  1

I4122
     0  1  0  0   -1  0  0  0    0  0  1  0      0  1/2  1/4  1
     0 -1  0  0    1  0  0  0    0  0  1  0      0  1/2  1/4  1
    -1  0  0  0    0  1  0  0    0  0 -1  0      0  1/2  1/4  1

P4mm
     0  1  0  0   -1  0  0  0    0  0  1  0      0    0    0  1
    -1  0  0  0    0  1  0  0    0  0  1  0      0    0    0  1
     1  0  0  0    0  1  0  0    0  0  1  0      1    0    0  1
     1  0  0  0    0  1  0  0    0  0  1  0      0    0    1  1

P4bm
     0  1  0  0   -1  0  0  0    0  0  1  0      0    0    0  1
     0 -1  0  0   -1  0  0  0    0  0  1  0    1/2  1/2    0  1
     1  0  0  0    0  1  0  0    0  0  1  0      1    0    0  1
     1  0  0  0    0  1  0  0    0  0  1  0      0    0    1  1

P42cm
     0  1  0  0   -1  0  0  0    0  0  1  0      0    0  1/2  1
     0 -1  0  0   -1  0  0  0    0  0  1  0      0    0    0  1
     1  0  0  0    0  1  0  0    0  0  1  0      1    0    0  1

P42nm
     0  1  0  0   -1  0  0  0    0  0  1  0    1/2  1/2  1/2  1
     1  0  0  0    0 -1  0  0    0  0  1  0    1/2  1/2  1/2  1
     1  0  0  0    0  1  0  0    0  0  1  0      1    0    0  1

P4cc
     0  1  0  0   -1  0  0  0    0  0  1  0      0    0    0  1
     0 -1  0  0   -1  0  0  0    0  0  1  0      0    0  1/2  1
     1  0  0  0    0  1  0  0    0  0  1  0      1    0    0  1

P4nc
     0  1  0  0   -1  0  0  0    0  0  1  0      0    0    0  1
     0  1  0  0    1  0  0  0    0  0  1  0    1/2  1/2  1/2  1
     1  0  0  0    0  1  0  0    0  0  1  0      1    0    0  1

P42mc
     0  1  0  0   -1  0  0  0    0  0  1  0      0    0  1/2  1
     0 -1  0  0   -1  0  0  0    0  0  1  0      0    0  1/2  1
     1  0  0  0    0  1  0  0    0  0  1  0      1    0    0  1

P42bc
     0  1  0  0   -1  0  0  0    0  0  1  0      0    0  1/2  1
     0  1  0  0    1  0  0  0    0  0  1  0    1/2  1/2  1/2  1
     1  0  0  0    0  1  0  0    0  0  1  0      1    0    0  1

I4mm
     0  1  0  0   -1  0  0  0    0  0  1  0      0    0    0  1
    -1  0  0  0    0  1  0  0    0  0  1  0      0    0    0  1
     1  0  0  0    0  1  0  0    0  0  1  0    1/2  1/2  1/2  1

I4cm
     0  1  0  0   -1  0  0  0    0  0  1  0      0    0    0  1
     0 -1  0  0   -1  0  0  0    0  0  1  0      0    0  1/2  1
     1  0  0  0    0  1  0  0    0  0  1  0    1/2  1/2  1/2  1

I41md
     0 -1  0  0    1  0  0  0    0  0  1  0      0  1/2  1/4  1
    -1  0  0  0    0  1  0  0    0  0  1  0      0    0    0  1

I41cd
     0 -1  0  0    1  0  0  0    0  0  1  0      0  1/2  1/4  1
     0 -1  0  0   -1  0  0  0    0  0  1  0      0  1/2  3/4  1

P-42m
     0 -1  0  0    1  0  0  0    0  0 -1  0      0    0    0  1
     0 -1  0  0   -1  0  0  0    0  0  1  0      0    0    0  1
     1  0  0  0    0  1  0  0    0  0  1  0      1    0    0  1
     1  0  0  0    0  1  0  0    0  0  1  0      0    0    1  1

P-42c
     0 -1  0  0    1  0  0  0    0  0 -1  0      0    0    0  1
     0 -1  0  0   -1  0  0  0    0  0  1  0      0    0  1/2  1
     1  0  0  0    0  1  0  0    0  0  1  0      1    0    0  1

P-421m
     0 -1  0  0    1  0  0  0    0  0 -1  0      0    0    0  1
     0 -1  0  0   -1  0  0  0    0  0  1  0    1/2  1/2    0  1
     1  0  0  0    0  1  0  0    0  0  1  0      1    0    0  1
     1  0  0  0    0  1  0  0    0  0  1  0      0    0    1  1

P-421c
     0 -1  0  0    1  0  0  0    0  0 -1  0      0    0    0  1
     0  1  0  0    1  0  0  0    0  0  1  0    1/2  1/2  1/2  1
     1  0  0  0    0  1  0  0    0  0  1  0      1    0    0  1

P-4m2
     0 -1  0  0    1  0  0  0    0  0 -1  0      0    0    0  1
    -1  0  0  0    0  1  0  0    0  0  1  0      0    0    0  1
     1  0  0  0    0  1  0  0    0  0  1  0      1    0    0  1
     1  0  0  0    0  1  0  0    0  0  1  0      0    0    1  1

P-4c2
     0 -1  0  0    1  0  0  0    0  0 -1  0      0    0    0  1
    -1  0  0  0    0  1  0  0    0  0  1  0      0    0  1/2  1
     1  0  0  0    0  1  0  0    0  0  1  0      1    0    0  1

P-4b2
     0 -1  0  0    1  0  0  0    0  0 -1  0      0    0    0  1
     1  0  0  0    0 -1  0  0    0  0  1  0    1/2  1/2    0  1
     1  0  0  0    0  1  0  0    0  0  1  0      0    0    1  1

P-4n2
     0 -1  0  0    1  0  0  0    0  0 -1  0      0    0    0  1
     1  0  0  0    0 -1  0  0    0  0  1  0    1/2  1/2  1/2  1
     1  0  0  0    0  1  0  0    0  0  1  0      1    0    0  1

I-4m2
     0 -1  0  0    1  0  0  0    0  0 -1  0      0    0    0  1
    -1  0  0  0    0  1  0  0    0  0  1  0      0    0    0  1
     1  0  0  0    0  1  0  0    0  0  1  0    1/2  1/2  1/2  1

I-4c2
     0 -1  0  0    1  0  0  0    0  0 -1  0      0    0    0  1
    -1  0  0  0    0  1  0  0    0  0  1  0      0    0  1/2  1
     1  0  0  0    0  1  0  0    0  0  1  0    1/2  1/2  1/2  1

I-42m
     0 -1  0  0    1  0  0  0    0  0 -1  0      0    0    0  1
     0 -1  0  0   -1  0  0  0    0  0  1  0      0    0    0  1
     1  0  0  0    0  1  0  0    0  0  1  0    1/2  1/2  1/2  1

I-42d
     0 -1  0  0    1  0  0  0    0  0 -1  0      0    0    0  1
     0 -1  0  0   -1  0  0  0    0  0  1  0      0  1/2  1/4  1

P4/mmm
     0 -1  0  0    1  0  0  0    0  0 -1  0      0    0    0  1
     0  1  0  0   -1  0  0  0    0  0  1  0      0    0    0  1
    -1  0  0  0    0  1  0  0    0  0  1  0      0    0    0  1
     1  0  0  0    0  1  0  0    0  0  1  0      1    0    0  1
     1  0  0  0    0  1  0  0    0  0  1  0      0    0    1  1

P4/mcc
     0 -1  0  0    1  0  0  0    0  0 -1  0      0    0    0  1
     0  1  0  0   -1  0  0  0    0  0  1  0      0    0    0  1
     0 -1  0  0   -1  0  0  0    0  0  1  0      0    0  1/2  1
     1  0  0  0    0  1  0  0    0  0  1  0      1    0    0  1

P4/nbm
     0 -1  0  0    1  0  0  0    0  0 -1  0    1/2    0    0  1
     0  1  0  0   -1  0  0  0    0  0  1  0    1/2    0    0  1
     1  0  0  0    0 -1  0  0    0  0  1  0    1/2    0    0  1
     1  0  0  0    0  1  0  0    0  0  1  0      0    0    1  1

P4/nnc
     0 -1  0  0    1  0  0  0    0  0 -1  0    1/2    0    0  1
     0  1  0  0   -1  0  0  0    0  0  1  0    1/2    0    0  1
     0 -1  0  0   -1  0  0  0    0  0  1  0      0    0  1/2  1

P4/mbm
     0 -1  0  0    1  0  0  0    0  0 -1  0      0    0    0  1
     0  1  0  0   -1  0  0  0    0  0  1  0      0    0    0  1
     0 -1  0  0   -1  0  0  0    0  0  1  0    1/2  1/2    0  1
     1  0  0  0    0  1  0  0    0  0  1  0      1    0    0  1
     1  0  0  0    0  1  0  0    0  0  1  0      0    0    1  1

P4/mnc
     0 -1  0  0    1  0  0  0    0  0 -1  0      0    0    0  1
     0  1  0  0   -1  0  0  0    0  0  1  0      0    0    0  1
     1  0  0  0    0 -1  0  0    0  0  1  0    1/2  1/2  1/2  1
     1  0  0  0    0  1  0  0    0  0  1  0      1    0    0  1

P4/nmm
     0 -1  0  0    1  0  0  0    0  0 -1  0    1/2    0    0  1
     0  1  0  0   -1  0  0  0    0  0  1  0    1/2    0    0  1
     0 -1  0  0   -1  0  0  0    0  0  1  0    1/2  1/2    0  1
     1  0  0  0    0  1  0  0    0  0  1  0      0    0    1  1

P4/ncc
     0 -1  0  0    1  0  0  0    0  0 -1  0    1/2    0    0  1
     0  1  0  0   -1  0  0  0    0  0  1  0    1/2    0    0  1
     1  0  0  0    0 -1  0  0    0  0  1  0      0  1/2  1/2  1

P42/mmc
     0 -1  0  0    1  0  0  0    0  0 -1  0      0    0  1/2  1
     0  1  0  0   -1  0  0  0    0  0  1  0      0    0  1/2  1
     0 -1  0  0   -1  0  0  0    0  0  1  0      0    0  1/2  1
     1  0  0  0    0  1  0  0    0  0  1  0      1    0    0  1

P42/mcm
     0 -1  0  0    1  0  0  0    0  0 -1  0      0    0  1/2  1
     0  1  0  0   -1  0  0  0    0  0  1  0      0    0  1/2  1
     0 -1  0  0   -1  0  0  0    0  0  1  0      0    0    0  1
     1  0  0  0    0  1  0  0    0  0  1  0      1    0    0  1

P42/nbc
     0 -1  0  0    1  0  0  0    0  0 -1  0    1/2    0  1/2  1
     0  1  0  0   -1  0  0  0    0  0  1  0    1/2    0  1/2  1
     0 -1  0  0   -1  0  0  0    0  0  1  0      0    0  1/2  1

P42/nnm
     0 -1  0  0    1  0  0  0    0  0 -1  0    1/2    0  1/2  1
     0  1  0  0   -1  0  0  0    0  0  1  0    1/2    0  1/2  1
    -1  0  0  0    0  1  0  0    0  0  1  0      0  1/2  1/2  1

P42/mbc
     0 -1  0  0    1  0  0  0    0  0 -1  0      0    0  1/2  1
     0  1  0  0   -1  0  0  0    0  0  1  0      0    0  1/2  1
     0  1  0  0    1  0  0  0    0  0  1  0    1/2  1/2  1/2  1
     1  0  0  0    0  1  0  0    0  0  1  0      1    0    0  1

P42/mnm
     0 -1  0  0    1  0  0  0    0  0 -1  0    1/2  1/2  1/2  1
     0  1  0  0   -1  0  0  0    0  0  1  0    1/2  1/2  1/2  1
     1  0  0  0    0 -1  0  0    0  0  1  0    1/2  1/2  1/2  1

P42/nmc
     0 -1  0  0    1  0  0  0    0  0 -1  0    1/2    0  1/2  1
     0  1  0  0   -1  0  0  0    0  0  1  0    1/2    0  1/2  1
     0  1  0  0    1  0  0  0    0  0  1  0      0    0  1/2  1

P42/ncm
     0 -1  0  0    1  0  0  0    0  0 -1  0    1/2    0  1/2  1
     0  1  0  0   -1  0  0  0    0  0  1  0    1/2    0  1/2  1
     1  0  0  0    0 -1  0  0    0  0  1  0      0  1/2  1/2  1

I4/mmm
     0 -1  0  0    1  0  0  0    0  0 -1  0      0    0    0  1
     0  1  0  0   -1  0  0  0    0  0  1  0      0    0    0  1
    -1  0  0  0    0  1  0  0    0  0  1  0      0    0    0  1
     1  0  0  0    0  1  0  0    0  0  1  0    1/2  1/2  1/2  1

I4/mcm
     0 -1  0  0    1  0  0  0    0  0 -1  0      0    0    0  1
     0  1  0  0   -1  0  0  0    0  0  1  0      0    0    0  1
     0 -1  0  0   -1  0  0  0    0  0  1  0      0    0  1/2  1
     1  0  0  0    0  1  0  0    0  0  1  0    1/2  1/2  1/2  1

I41/amd
     0  1  0  0   -1  0  0  0    0  0 -1  0    1/4  1/4  3/4  1
     0  1  0  0   -1  0  0  0    0  0  1  0    1/4  3/4  1/4  1
     0 -1  0  0   -1  0  0  0    0  0  1  0    1/4  3/4  1/4  1

I41/acd
     0  1  0  0   -1  0  0  0    0  0 -1  0    1/4  1/4  3/4  1
     0  1  0  0   -1  0  0  0    0  0  1  0    1/4  3/4  1/4  1
     1  0  0  0    0 -1  0  0    0  0  1  0      0  1/2  1/2  1

P3
     0  1  0  0   -1 -1  0  0    0  0  1  0      0    0    0  1
     1  0  0  0    0  1  0  0    0  0  1  0      1    0    0  1
     1  0  0  0    0  1  0  0    0  0  1  0      0    0    1  1

P31
     0  1  0  0   -1 -1  0  0    0  0  1  0      0    0  1/3  1
     1  0  0  0    0  1  0  0    0  0  1  0      1    0    0  1

P32
     0  1  0  0   -1 -1  0  0    0  0  1  0      0    0  2/3  1
     1  0  0  0    0  1  0  0    0  0  1  0      1    0    0  1

R3
     0  1  0  0   -1 -1  0  0    0  0  1  0      0    0    0  1
     1  0  0  0    0  1  0  0    0  0  1  0    1/3  2/3  2/3  1
     1  0  0  0    0  1  0  0    0  0  1  0      0    0    1  1

P-3
     0 -1  0  0    1  1  0  0    0  0 -1  0      0    0    0  1
     1  0  0  0    0  1  0  0    0  0  1  0      1    0    0  1
     1  0  0  0    0  1  0  0    0  0  1  0      0    0    1  1

R-3
     0 -1  0  0    1  1  0  0    0  0 -1  0      0    0    0  1
     1  0  0  0    0  1  0  0    0  0  1  0    1/3  2/3  2/3  1
     1  0  0  0    0  1  0  0    0  0  1  0      0    0    1  1

P312
     0  1  0  0   -1 -1  0  0    0  0  1  0      0    0    0  1
    -1  0  0  0    1  1  0  0    0  0 -1  0      0    0    0  1
     1  0  0  0    0  1  0  0    0  0  1  0      1    0    0  1
     1  0  0  0    0  1  0  0    0  0  1  0      0    0    1  1

P321
     0  1  0  0   -1 -1  0  0    0  0  1  0      0    0    0  1
     0  1  0  0    1  0  0  0    0  0 -1  0      0    0    0  1
     1  0  0  0    0  1  0  0    0  0  1  0      1    0    0  1
     1  0  0  0    0  1  0  0    0  0  1  0      0    0    1  1

P3112
     0  1  0  0   -1 -1  0  0    0  0  1  0      0    0  1/3  1
     0 -1  0  0   -1  0  0  0    0  0 -1  0      0    0  2/3  1
     1  0  0  0    0  1  0  0    0  0  1  0      1    0    0  1

P3121
     0  1  0  0   -1 -1  0  0    0  0  1  0      0    0  1/3  1
     1  0  0  0   -1 -1  0  0    0  0 -1  0      0    0  2/3  1
     1  0  0  0    0  1  0  0    0  0  1  0      1    0    0  1

P3212
     0  1  0  0   -1 -1  0  0    0  0  1  0      0    0  2/3  1
    -1  0  0  0    1  1  0  0    0  0 -1  0      0    0  2/3  1
     1  0  0  0    0  1  0  0    0  0  1  0      1    0    0  1

P3221
     0  1  0  0   -1 -1  0  0    0  0  1  0      0    0  2/3  1
    -1 -1  0  0    0  1  0  0    0  0 -1  0      0    0  2/3  1
     1  0  0  0    0  1  0  0    0  0  1  0      1    0    0  1

R32
     0  1  0  0   -1 -1  0  0    0  0  1  0      0    0    0  1
     0  1  0  0    1  0  0  0    0  0 -1  0      0    0    0  1
     1  0  0  0    0  1  0  0    0  0  1  0    1/3  2/3  2/3  1
     1  0  0  0    0  1  0  0    0  0  1  0      0    0    1  1

P3m1
     0  1  0  0   -1 -1  0  0    0  0  1  0      0    0    0  1
     1  1  0  0    0 -1  0  0    0  0  1  0      0    0    0  1
     1  0  0  0    0  1  0  0    0  0  1  0      1    0    0  1
     1  0  0  0    0  1  0  0    0  0  1  0      0    0    1  1

P31m
     0  1  0  0   -1 -1  0  0    0  0  1  0      0    0    0  1
     1  0  0  0   -1 -1  0  0    0  0  1  0      0    0    0  1
     1  0  0  0    0  1  0  0    0  0  1  0      1    0    0  1
     1  0  0  0    0  1  0  0    0  0  1  0      0    0    1  1

P3c1
     0  1  0  0   -1 -1  0  0    0  0  1  0      0    0    0  1
     0 -1  0  0   -1  0  0  0    0  0  1  0      0    0  1/2  1
     1  0  0  0    0  1  0  0    0  0  1  0      1    0    0  1

P31c
     0  1  0  0   -1 -1  0  0    0  0  1  0      0    0    0  1
    -1 -1  0  0    0  1  0  0    0  0  1  0      0    0  1/2  1
     1  0  0  0    0  1  0  0    0  0  1  0      1    0    0  1

R3m
     0  1  0  0   -1 -1  0  0    0  0  1  0      0    0    0  1
     1  1  0  0    0 -1  0  0    0  0  1  0      0    0    0  1
     1  0  0  0    0  1  0  0    0  0  1  0    1/3  2/3  2/3  1
     1  0  0  0    0  1  0  0    0  0  1  0      0    0    1  1

R3c
     0  1  0  0   -1 -1  0  0    0  0  1  0      0    0    0  1
     0 -1  0  0   -1  0  0  0    0  0  1  0      0    0  1/2  1
     1  0  0  0    0  1  0  0    0  0  1  0    1/3  2/3  2/3  1

P-31m
     0 -1  0  0    1  1  0  0    0  0 -1  0      0    0    0  1
     1  0  0  0   -1 -1  0  0    0  0  1  0      0    0    0  1
     1  0  0  0    0  1  0  0    0  0  1  0      1    0    0  1
     1  0  0  0    0  1  0  0    0  0  1  0      0    0    1  1

P-31c
     0 -1  0  0    1  1  0  0    0  0 -1  0      0    0    0  1
    -1 -1  0  0    0  1  0  0    0  0  1  0      0    0  1/2  1
     1  0  0  0    0  1  0  0    0  0  1  0      1    0    0  1

P-3m1
     0 -1  0  0    1  1  0  0    0  0 -1  0      0    0    0  1
     1  1  0  0    0 -1  0  0    0  0  1  0      0    0    0  1
     1  0  0  0    0  1  0  0    0  0  1  0      1    0    0  1
     1  0  0  0    0  1  0  0    0  0  1  0      0    0    1  1

P-3c1
     0 -1  0  0    1  1  0  0    0  0 -1  0      0    0    0  1
     0 -1  0  0   -1  0  0  0    0  0  1  0      0    0  1/2  1
     1  0  0  0    0  1  0  0    0  0  1  0      1    0    0  1

R-3m
     0 -1  0  0    1  1  0  0    0  0 -1  0      0    0    0  1
     1  1  0  0    0 -1  0  0    0  0  1  0      0    0    0  1
     1  0  0  0    0  1  0  0    0  0  1  0    1/3  2/3  2/3  1
     1  0  0  0    0  1  0  0    0  0  1  0      0    0    1  1

R-3c
     0 -1  0  0    1  1  0  0    0  0 -1  0      0    0    0  1
     0 -1  0  0   -1  0  0  0    0  0  1  0      0    0  1/2  1
     1  0  0  0    0  1  0  0    0  0  1  0    1/3  2/3  2/3  1

P6
     1  1  0  0   -1  0  0  0    0  0  1  0      0    0    0  1
     1  0  0  0    0  1  0  0    0  0  1  0      1    0    0  1
     1  0  0  0    0  1  0  0    0  0  1  0      0    0    1  1

P61
     1  1  0  0   -1  0  0  0    0  0  1  0      0    0  1/6  1
     1  0  0  0    0  1  0  0    0  0  1  0      1    0    0  1

P65
     1  1  0  0   -1  0  0  0    0  0  1  0      0    0  5/6  1
     1  0  0  0    0  1  0  0    0  0  1  0      1    0    0  1

P62
     1  1  0  0   -1  0  0  0    0  0  1  0      0    0  1/3  1
     1  0  0  0    0  1  0  0    0  0  1  0      1    0    0  1

P64
     1  1  0  0   -1  0  0  0    0  0  1  0      0    0  2/3  1
     1  0  0  0    0  1  0  0    0  0  1  0      1    0    0  1

P63
     1  1  0  0   -1  0  0  0    0  0  1  0      0    0  1/2  1
     1  0  0  0    0  1  0  0    0  0  1  0      1    0    0  1

P-6
    -1 -1  0  0    1  0  0  0    0  0 -1  0      0    0    0  1
     1  0  0  0    0  1  0  0    0  0  1  0      1    0    0  1
     1  0  0  0    0  1  0  0    0  0  1  0      0    0    1  1

P6/m
    -1 -1  0  0    1  0  0  0    0  0 -1  0      0    0    0  1
     1  1  0  0   -1  0  0  0    0  0  1  0      0    0    0  1
     1  0  0  0    0  1  0  0    0  0  1  0      1    0    0  1
     1  0  0  0    0  1  0  0    0  0  1  0      0    0    1  1

P63/m
    -1 -1  0  0    1  0  0  0    0  0 -1  0      0    0  1/2  1
     1  1  0  0   -1  0  0  0    0  0  1  0      0    0  1/2  1
     1  0  0  0    0  1  0  0    0  0  1  0      1    0    0  1

P622
     1  1  0  0   -1  0  0  0    0  0  1  0      0    0    0  1
    -1  0  0  0    1  1  0  0    0  0 -1  0      0    0    0  1
     1  0  0  0    0  1  0  0    0  0  1  0      1    0    0  1
     1  0  0  0    0  1  0  0    0  0  1  0      0    0    1  1

P6122
     1  1  0  0   -1  0  0  0    0  0  1  0      0    0  1/6  1
     1  1  0  0    0 -1  0  0    0  0 -1  0      0    0  1/6  1
     1  0  0  0    0  1  0  0    0  0  1  0      1    0    0  1

P6522
     1  1  0  0   -1  0  0  0    0  0  1  0      0    0  5/6  1
     0 -1  0  0   -1  0  0  0    0  0 -1  0      0    0  1/6  1
     1  0  0  0    0  1  0  0    0  0  1  0      1    0    0  1

P6222
     1  1  0  0   -1  0  0  0    0  0  1  0      0    0  1/3  1
    -1  0  0  0    1  1  0  0    0  0 -1  0      0    0    0  1
     1  0  0  0    0  1  0  0    0  0  1  0      1    0    0  1

P6422
     1  1  0  0   -1  0  0  0    0  0  1  0      0    0  2/3  1
    -1  0  0  0    1  1  0  0    0  0 -1  0      0    0    0  1
     1  0  0  0    0  1  0  0    0  0  1  0      1    0    0  1

P6322
     1  1  0  0   -1  0  0  0    0  0  1  0      0    0  1/2  1
     1  1  0  0    0 -1  0  0    0  0 -1  0      0    0  1/2  1
     1  0  0  0    0  1  0  0    0  0  1  0      1    0    0  1

P6mm
     1  1  0  0   -1  0  0  0    0  0  1  0      0    0    0  1
     1  1  0  0    0 -1  0  0    0  0  1  0      0    0    0  1
     1  0  0  0    0  1  0  0    0  0  1  0      1    0    0  1
     1  0  0  0    0  1  0  0    0  0  1  0      0    0    1  1

P6cc
     1  1  0  0   -1  0  0  0    0  0  1  0      0    0    0  1
     0 -1  0  0   -1  0  0  0    0  0  1  0      0    0  1/2  1
     1  0  0  0    0  1  0  0    0  0  1  0      1    0    0  1

P63cm
     1  1  0  0   -1  0  0  0    0  0  1  0      0    0  1/2  1
     0 -1  0  0   -1  0  0  0    0  0  1  0      0    0  1/2  1
     1  0  0  0    0  1  0  0    0  0  1  0      1    0    0  1

P63mc
     1  1  0  0   -1  0  0  0    0  0  1  0      0    0  1/2  1
     1  1  0  0    0 -1  0  0    0  0  1  0      0    0    0  1
     1  0  0  0    0  1  0  0    0  0  1  0      1    0    0  1

P-6m2
    -1 -1  0  0    1  0  0  0    0  0 -1  0      0    0    0  1
     1  1  0  0    0 -1  0  0    0  0  1  0      0    0    0  1
     1  0  0  0    0  1  0  0    0  0  1  0      1    0    0  1
     1  0  0  0    0  1  0  0    0  0  1  0      0    0    1  1

P-6c2
    -1 -1  0  0    1  0  0  0    0  0 -1  0      0    0  1/2  1
     0 -1  0  0   -1  0  0  0    0  0  1  0      0    0  1/2  1
     1  0  0  0    0  1  0  0    0  0  1  0      1    0    0  1

P-62m
    -1 -1  0  0    1  0  0  0    0  0 -1  0      0    0    0  1
     1  0  0  0   -1 -1  0  0    0  0  1  0      0    0    0  1
     1  0  0  0    0  1  0  0    0  0  1  0      1    0    0  1
     1  0  0  0    0  1  0  0    0  0  1  0      0    0    1  1

P-62c
    -1 -1  0  0    1  0  0  0    0  0 -1  0      0    0  1/2  1
    -1 -1  0  0    0  1  0  0    0  0  1  0      0    0  1/2  1
     1  0  0  0    0  1  0  0    0  0  1  0      1    0    0  1

P6/mmm
    -1 -1  0  0    1  0  0  0    0  0 -1  0      0    0    0  1
     1  1  0  0   -1  0  0  0    0  0  1  0      0    0    0  1
     1  1  0  0    0 -1  0  0    0  0  1  0      0    0    0  1
     1  0  0  0    0  1  0  0    0  0  1  0      1    0    0  1
     1  0  0  0    0  1  0  0    0  0  1  0      0    0    1  1

P6/mcc
    -1 -1  0  0    1  0  0  0    0  0 -1  0      0    0    0  1
     1  1  0  0   -1  0  0  0    0  0  1  0      0    0    0  1
     0 -1  0  0   -1  0  0  0    0  0  1  0      0    0  1/2  1
     1  0  0  0    0  1  0  0    0  0  1  0      1    0    0  1

P63/mcm
    -1 -1  0  0    1  0  0  0    0  0 -1  0      0    0  1/2  1
     1  1  0  0   -1  0  0  0    0  0  1  0      0    0  1/2  1
     0 -1  0  0   -1  0  0  0    0  0  1  0      0    0  1/2  1
     1  0  0  0    0  1  0  0    0  0  1  0      1    0    0  1

P63/mmc
    -1 -1  0  0    1  0  0  0    0  0 -1  0      0    0  1/2  1
     1  1  0  0   -1  0  0  0    0  0  1  0      0    0  1/2  1
     1  1  0  0    0 -1  0  0    0  0  1  0      0    0    0  1
     1  0  0  0    0  1  0  0    0  0  1  0      1    0    0  1

P23
     0  1  0  0    0  0  1  0    1  0  0  0      0    0    0  1
     0  0 -1  0    1  0  0  0    0 -1  0  0      0    0    0  1
     1  0  0  0    0  1  0  0    0  0  1  0      1    0    0  1

F23
     0  1  0  0    0  0  1  0    1  0  0  0      0    0    0  1
     0  0 -1  0    1  0  0  0    0 -1  0  0      0    0    0  1
     1  0  0  0    0  1  0  0    0  0  1  0    1/2    0  1/2  1

I23
     0  1  0  0    0  0  1  0    1  0  0  0      0    0    0  1
     0  0 -1  0    1  0  0  0    0 -1  0  0      0    0    0  1
     1  0  0  0    0  1  0  0    0  0  1  0    1/2  1/2  1/2  1

P213
     0  1  0  0    0  0  1  0    1  0  0  0      0    0    0  1
     0 -1  0  0    0  0  1  0   -1  0  0  0    1/2    0  1/2  1

I213
     0  1  0  0    0  0  1  0    1  0  0  0      0    0    0  1
     0  0  1  0   -1  0  0  0    0 -1  0  0      0  1/2    0  1

Pm-3
     0  0  1  0   -1  0  0  0    0  1  0  0      0    0    0  1
     0  0 -1  0    1  0  0  0    0  1  0  0      0    0    0  1
     1  0  0  0    0  1  0  0    0  0  1  0      1    0    0  1

Pn-3
     0  0  1  0   -1  0  0  0    0  1  0  0      0  1/2  1/2  1
     0  0 -1  0    1  0  0  0    0  1  0  0    1/2  1/2    0  1
     1  0  0  0    0  1  0  0    0  0  1  0      1    0    0  1

Fm-3
     0  0  1  0   -1  0  0  0    0  1  0  0      0    0    0  1
     0  0 -1  0    1  0  0  0    0  1  0  0      0    0    0  1
     1  0  0  0    0  1  0  0    0  0  1  0    1/2    0  1/2  1

Fd-3
     0  0  1  0   -1  0  0  0    0  1  0  0      0  1/4  1/4  1
     0  1  0  0    0  0 -1  0    1  0  0  0    1/4  1/4    0  1

Im-3
     0  0  1  0   -1  0  0  0    0  1  0  0      0    0    0  1
     0  0 -1  0    1  0  0  0    0  1  0  0      0    0    0  1
     1  0  0  0    0  1  0  0    0  0  1  0    1/2  1/2  1/2  1

Pa-3
     0  0 -1  0    1  0  0  0    0  1  0  0    1/2    0  1/2  1
     0  0  1  0   -1  0  0  0    0  1  0  0    1/2  1/2    0  1

Ia-3
     0  0 -1  0    1  0  0  0    0  1  0  0      0  1/2    0  1
     0 -1  0  0    0  0 -1  0   -1  0  0  0      0    0    0  1

P432
     0  0 -1  0    0  1  0  0    1  0  0  0      0    0    0  1
     0  1  0  0   -1  0  0  0    0  0  1  0      0    0    0  1
     1  0  0  0    0  1  0  0    0  0  1  0      1    0    0  1

P4232
     1  0  0  0    0  0  1  0    0 -1  0  0    1/2  1/2  1/2  1
     0  1  0  0   -1  0  0  0    0  0  1  0    1/2  1/2  1/2  1
     1  0  0  0    0  1  0  0    0  0  1  0      1    0    0  1

F432
     0  0 -1  0    0  1  0  0    1  0  0  0      0    0    0  1
     0  1  0  0   -1  0  0  0    0  0  1  0      0    0    0  1
     1  0  0  0    0  1  0  0    0  0  1  0    1/2    0  1/2  1

F4132
     0  1  0  0   -1  0  0  0    0  0  1  0    1/4  1/4  1/4  1
     0  0 -1  0    0  1  0  0    1  0  0  0    1/4  1/4  1/4  1
     1  0  0  0    0  0  1  0    0 -1  0  0    1/4  1/4  1/4  1

I432
     0  0 -1  0    0  1  0  0    1  0  0  0      0    0    0  1
     0  1  0  0   -1  0  0  0    0  0  1  0      0    0    0  1
     1  0  0  0    0  1  0  0    0  0  1  0    1/2  1/2  1/2  1

P4332
     0  1  0  0   -1  0  0  0    0  0  1  0    3/4  1/4  3/4  1
     1  0  0  0    0  0  1  0    0 -1  0  0    3/4  3/4  1/4  1
     1  0  0  0    0  1  0  0    0  0  1  0      1    0    0  1

P4132
     1  0  0  0    0  0  1  0    0 -1  0  0    1/4  1/4  3/4  1
     0  1  0  0   -1  0  0  0    0  0  1  0    1/4  3/4  1/4  1
     1  0  0  0    0  1  0  0    0  0  1  0      1    0    0  1

I4132
     0  1  0  0   -1  0  0  0    0  0  1  0    1/4  3/4  1/4  1
     0  0 -1  0    0  1  0  0    1  0  0  0    1/4  3/4  3/4  1

P-43m
     0 -1  0  0    1  0  0  0    0  0 -1  0      0    0    0  1
     0  0  1  0    0 -1  0  0   -1  0  0  0      0    0    0  1
     1  0  0  0    0  1  0  0    0  0  1  0      1    0    0  1

F-43m
     0 -1  0  0    1  0  0  0    0  0 -1  0      0    0    0  1
     0  0  1  0    0 -1  0  0   -1  0  0  0      0    0    0  1
     1  0  0  0    0  1  0  0    0  0  1  0    1/2    0  1/2  1

I-43m
     0 -1  0  0    1  0  0  0    0  0 -1  0      0    0    0  1
     0  0  1  0    0 -1  0  0   -1  0  0  0      0    0    0  1
     1  0  0  0    0  1  0  0    0  0  1  0    1/2  1/2  1/2  1

P-43n
    -1  0  0  0    0  0 -1  0    0  1  0  0    1/2  1/2  1/2  1
     0  0  1  0    0 -1  0  0   -1  0  0  0    1/2  1/2  1/2  1

F-43c
    -1  0  0  0    0  0 -1  0    0  1  0  0      0    0  1/2  1
     0 -1  0  0    1  0  0  0    0  0 -1  0      0    0  1/2  1

I-43d
     0 -1  0  0    1  0  0  0    0  0 -1  0    1/4  3/4  1/4  1
    -1  0  0  0    0  0 -1  0    0  1  0  0    1/4  1/4  3/4  1

Pm-3m
     0 -1  0  0    1  0  0  0    0  0 -1  0      0    0    0  1
     0  0 -1  0    0  1  0  0    1  0  0  0      0    0    0  1
     1  0  0  0    0  1  0  0    0  0  1  0      1    0    0  1

Pn-3n
     0 -1  0  0    1  0  0  0    0  0 -1  0    1/2    0    0  1
     0  0 -1  0    0  1  0  0    1  0  0  0      0    0  1/2  1

Pm-3n
     0  0  1  0    0 -1  0  0   -1  0  0  0    1/2  1/2  1/2  1
     1  0  0  0    0  0  1  0    0 -1  0  0    1/2  1/2  1/2  1

Pn-3m
     0  0  1  0    0 -1  0  0   -1  0  0  0    1/2  1/2    0  1
     1  0  0  0    0  0  1  0    0 -1  0  0    1/2    0  1/2  1
     1  0  0  0    0  1  0  0    0  0  1  0      1    0    0  1

Fm-3m
     0 -1  0  0    1  0  0  0    0  0 -1  0      0    0    0  1
     0  0 -1  0    0  1  0  0    1  0  0  0      0    0    0  1
     1  0  0  0    0  1  0  0    0  0  1  0    1/2    0  1/2  1

Fm-3c
     0 -1  0  0    1  0  0  0    0  0 -1  0      0    0  1/2  1
     1  0  0  0    0  0  1  0    0 -1  0  0      0    0  1/2  1

Fd-3m
     0  0  1  0    0 -1  0  0   -1  0  0  0    1/4  1/4    0  1
     0  1  0  0   -1  0  0  0    0  0  1  0      0  1/4  1/4  1

Fd-3c
     0 -1  0  0    1  0  0  0    0  0 -1  0      0  1/4  3/4  1
     0  0 -1  0    0  1  0  0    1  0  0  0    1/4  1/4  1/2  1

Im-3m
     0 -1  0  0    1  0  0  0    0  0 -1  0      0    0    0  1
     0  0 -1  0    0  1  0  0    1  0  0  0      0    0    0  1
     1  0  0  0    0  1  0  0    0  0  1  0    1/2  1/2  1/2  1

Ia-3d
     0 -1  0  0    1  0  0  0    0  0 -1  0    1/4  3/4  1/4  1
     1  0  0  0    0  0  1  0    0 -1  0  0    1/4  1/4  3/4  1

# Printed 230 generator lists.
# List lengths: min. 2, max. 6, avg. 3.27.
# CPU time: 112.29 seconds.
